;A;B;C;D;E;F;G;H;I;
A;0;10000000;10000000;1;2;10000000;4;10000000;4;
B;4;0;10000000;4;10000000;2;10000000;5;10000000;
C;79;10000000;0;u;10000000;10000000;i;10000000;g;
D;10000000;y;10000000;0;5;10000000;6;10000000;5;
E;5;10000000;6;10000000;0;7;10000000;7;10000000;
F;10000000;7;10000000;83;10000000;0;10000000;10000000;10000000;
G;10000000;10000000;2;10000000;10000000;10000000;0;10000000;10000000;
H;10000000;2;10000000;10000000;2;10000000;10000000;0;10000000;
I;1;10000000;10000000;7;10000000;10000000;10000000;10000000;0;
